635994.6	3049663.1	0
635985.4	3049656.2	0
635976.8	3049649.9	0
635968.2	3049647.8	0
635959.3	3049646.2	0
635952	3049645	0
635944.1	3049643.1	0
635935.1	3049642.2	0
635926.7	3049642.5	0
635918.7	3049642.6	0
635911.5	3049643.1	0
635904.3	3049644.7	0
635897.3	3049647.4	0
635888.9	3049650.8	0
635880.4	3049652.7	0
635872.4	3049654.3	0
635864	3049655.3	0
635857.4	3049653.8	0
635849.8	3049652.2	0
635843.6	3049651.4	0
635836.9	3049650.2	0
635831.3	3049649.3	0
635824	3049648.6	0
635816.2	3049648.9	0
635806.1	3049647.2	0
635800.6	3049643.5	0
635793.4	3049639.1	0
635786.9	3049634	0
635780.8	3049630.3	0
635773.5	3049627.3	0
635768.2	3049624.2	0
635754.7	3049620.8	0
635761.2	3049622	0
635748.6	3049620.1	0
635742.3	3049619.3	0
635735.8	3049620.1	0
635729	3049623.5	0
635722	3049627.9	0
635713.7	3049632.1	0
635706.6	3049637.3	0
635696.7	3049641.5	0
635686.3	3049645.4	0
635677.5	3049647.7	0
635668.8	3049650.2	0
635659.8	3049655.9	0
635652	3049659.2	0
635641.8	3049661.2	0
635635.5	3049663	0
635629.5	3049664.6	0
635624.3	3049665.7	0
635617.9	3049665.5	0
635612.8	3049664.1	0
635607.1	3049662.7	0
635600.5	3049660.4	0
635593.7	3049659.7	0
635587.4	3049659.4	0
635582.4	3049659.4	0
635577.7	3049659.3	0
635572.9	3049659.6	0
635568.1	3049659.5	0
635563.8	3049659.7	0
635559.3	3049660.3	0
635553.9	3049662.5	0
635549.9	3049664.9	0
635546.1	3049668.3	0
635541.8	3049670.2	0
635535.3	3049671.7	0
635530	3049673.4	0
635523.7	3049673	0
635519.1	3049674.5	0
635514.1	3049675.9	0
635507.8	3049676.8	0
635503.2	3049676.6	0
635498.2	3049676.5	0
635494.1	3049676.3	0
635489.1	3049676	0
635485.4	3049678.6	0
635485.3	3049678.7	0
635483.3	3049681.9	0
635483	3049682.3	0
635482.8	3049682.6	0
635482.7	3049682.8	0
635481	3049687.4	0
635478.4	3049693	0
635478	3049697.8	0
635480.6	3049702.5	0
635483.2	3049704.8	0
635488.3	3049705.5	0
635490.2	3049708.4	0
635485.8	3049713.6	0
635484.7	3049715.8	0
635484.7	3049719.9	0
635478.4	3049719.9	0
635475.5	3049721	0
635473.6	3049721.7	0
635471.8	3049723.6	0
635468.4	3049724.7	0
635466.3	3049724.8	0
635460.3	3049725	0
635456.3	3049726.5	0
635456.3	3049722.1	0
635454.8	3049719.5	0
635448.6	3049718.9	0
635443	3049718.4	0
635439.9	3049719.1	0
635437.2	3049719.7	0
635435.7	3049720	0
635432.5	3049720.7	0
635429.7	3049721.4	0
635425	3049724	0
635421.3	3049726.2	0
635418.3	3049727.9	0
635418.2	3049728	0
635415.9	3049729.6	0
635413.4	3049731.3	0
635408.6	3049734.6	0
635403.8	3049731.3	0
635400.5	3049730.6	0
635397.2	3049729.8	0
635394.9	3049729.4	0
635389.3	3049728.3	0
635388	3049728.1	0
635387.6	3049728	0
635387.3	3049727.9	0
635385.8	3049727.6	0
635385.7	3049727.6	0
635385.6	3049727.6	0
635377.8	3049726	0
635377.3	3049725.8	0
635376.9	3049725.8	0
635373.3	3049725.6	0
635371	3049725.5	0
635369.9	3049725.4	0
635366.6	3049725	0
635364.6	3049724.7	0
635359.2	3049723.9	0
635358.9	3049723.9	0
635355.6	3049723.9	0
635352.8	3049723.9	0
635351.8	3049723.9	0
635351.1	3049723.8	0
635348.5	3049723.6	0
635345.4	3049718.9	0
635344.1	3049716.9	0
635342.4	3049717	0
635340.8	3049717	0
635338	3049717.1	0
635335.1	3049717.2	0
635332.7	3049717.3	0
635332.4	3049717.3	0
635326.8	3049716.8	0
635324.1	3049716.6	0
635323.1	3049716.6	0
635320.7	3049716	0
635315.3	3049714.8	0
635314	3049714.5	0
635313.5	3049714.3	0
635312.5	3049714.4	0
635308.8	3049714.5	0
635307.4	3049714.6	0
635303.7	3049714.7	0
635302	3049714.8	0
635300.2	3049714.9	0
635297	3049715	0
635295.7	3049715.1	0
635295.4	3049715.1	0
635294	3049714.9	0
635292.5	3049714.8	0
635288.8	3049714.3	0
635288.3	3049714.3	0
635285.2	3049714.3	0
635281.3	3049714.3	0
635281.1	3049714.3	0
635278.4	3049713.9	0
635276.9	3049713.6	0
635275.6	3049713.4	0
635272.6	3049712.9	0
635265.7	3049708.6	0
635263.7	3049707.3	0
635262.9	3049706.9	0
635258.9	3049704.9	0
635256.3	3049703.5	0
635251.9	3049701.3	0
635250.9	3049700.8	0
635248.6	3049699.6	0
635246.4	3049698.8	0
635240.6	3049696.9	0
635236.8	3049695.5	0
635234.9	3049695.1	0
635233.5	3049694.9	0
635229.8	3049694.1	0
635222.4	3049691.1	0
635218.7	3049684.1	0
635216.8	3049681.4	0
635216.2	3049680.4	0
635217.4	3049677.5	0
635218.9	3049674.2	0
635219.1	3049673.8	0
635222.1	3049668.6	0
635222.1	3049668.4	0
635224.3	3049663.5	0
635221.7	3049655	0
635221.7	3049655	0
635218	3049649.4	0
635219.8	3049643.8	0
635218.7	3049636.1	0
635216.2	3049629.5	0
635216.6	3049627	0
635217.6	3049620.6	0
635217.8	3049619.6	0
635218	3049618.1	0
635218.7	3049612.5	0
635219.2	3049610	0
635220	3049605.1	0
635220.2	3049604	0
635221.3	3049603.2	0
635228.7	3049598.1	0
635229.2	3049597.9	0
635229.2	3049597.8	0
635229.3	3049597.8	0
635231.7	3049596.4	0
635232.1	3049596.2	0
635233.9	3049595.2	0
635235.9	3049594.2	0
635240.1	3049592.2	0
635240.9	3049591.9	0
635241.7	3049591.5	0
635244.8	3049590.2	0
635246.8	3049589.3	0
635256	3049584.8	0
635257.5	3049584.1	0
635260.2	3049583.8	0
635260.4	3049583.8	0
635264.8	3049583.4	0
635266.6	3049583.2	0
635267	3049583.1	0
635267.4	3049583.1	0
635267.7	3049583	0
635272.1	3049582.4	0
635279.2	3049581.5	0
635289.2	3049580.1	0
635299.1	3049575.6	0
635305	3049570.5	0
635312.4	3049561.3	0
635318.7	3049555	0
635324.9	3049550.2	0
635333.8	3049545.4	0
635343.7	3049543.2	0
635351.5	3049543.6	0
635360.3	3049545.4	0
635367.7	3049546.5	0
635374.4	3049545.4	2
635385.8	3049537.3	2
635392.5	3049529.9	2
635396.2	3049522.9	2
635396.5	3049518.1	2
635396.5	3049516.2	2
635396.5	3049515.7	2
635396.5	3049514.7	2
635396.5	3049513.7	2
635396.5	3049513.6	2
635396.5	3049509.3	2
635398.7	3049505.6	2
635406.4	3049507.4	2
635412.4	3049508.8	2
635414.4	3049504.4	2
635417.7	3049492.4	2
635419.3	3049484	2
635419.4	3049479.2	2
635416.2	3049475.5	2
635419.8	3049472.7	2
635419.3	3049462.5	2
635415.3	3049458.1	2
635415	3049454.4	2
635417	3049451.5	2
635416.7	3049443.1	2
635415.2	3049437.6	2
635414.9	3049433.5	2
635415.3	3049429.5	2
635414.5	3049423.7	2
635409.9	3049418.7	2
635405.9	3049413.7	2
635401	3049412.8	2
635398.6	3049410.3	2
635396.2	3049406.4	2
635392.7	3049401.8	2
635390.1	3049400	2
635388.1	3049397.5	2
635385.6	3049393.4	2
635382.2	3049390.3	2
635379.8	3049387.7	2
635377.2	3049385.7	2
635374.5	3049384.2	2
635371.9	3049381.2	2
635368.3	3049377.3	2
635365.2	3049373.5	2
635362.8	3049370.6	2
635360.2	3049367.7	2
635357.2	3049364.7	2
635351.6	3049360	2
635342.2	3049353.4	2
635335.1	3049348.8	2
635330.1	3049345.4	2
635322.7	3049340.1	2
635314.7	3049332.9	2
635305.8	3049324.8	2
635295.7	3049315.4	2
635282.4	3049308.3	2
635245	3049299.4	2
635236.2	3049297.7	2
635230.1	3049297.9	2
635217.6	3049294.5	2
635204.3	3049281.1	2
635202	3049277.4	2
635195.2	3049270.5	2
635189.7	3049265.2	2
635168.4	3049239.8	2
635156.9	3049229.5	2
635151.2	3049221.7	2
635145	3049212.4	2
635140	3049207.6	2
635130.8	3049198.1	2
635121.3	3049188.9	2
635116.1	3049184.9	2
635101.9	3049182.1	2
635092	3049181.2	2
635082.8	3049180.8	2
635070.3	3049181.4	2
635054.7	3049187.5	2
635041.3	3049187.5	2
635038.1	3049181.2	2
635033.7	3049177.3	2
635030.8	3049172.8	2
635026.4	3049173	2
635003	3049184.6	2
634995.2	3049190.1	2
634988.6	3049196.8	2
634982.9	3049198.4	2
634977.9	3049197.4	2
634973.3	3049199.4	2
634970	3049204.4	2
634959.5	3049210.3	2
634950.3	3049214.9	2
634941.4	3049220.7	2
634929.3	3049229.2	0
634933.4	3049228.5	0
634926.3	3049227.2	0
634925.4	3049224	0
634928.7	3049218.9	0
634929.8	3049214.4	0
634930.5	3049211.5	0
634930.5	3049203	0
634928	3049191.2	0
634923.9	3049184.6	0
634922.8	3049176.8	0
634920.6	3049168	0
634919.4	3049163.5	0
634919.4	3049163.5	0
634918.7	3049161	0
634915.3	3049158	0
634914.6	3049157.3	0
634912.9	3049155.8	0
634903.6	3049153.2	0
634900.5	3049151.8	0
634895.5	3049149.5	0
634895.2	3049149.4	0
634895.2	3049149.4	0
634891.8	3049148.4	0
634891.8	3049148.4	0
634891.1	3049148.2	0
634887	3049147	0
634879.7	3049143.6	0
634876.3	3049139.6	0
634878.9	3049135.5	0
634880.4	3049133.4	0
634881	3049132.6	0
634881.7	3049131.5	0
634882.2	3049130.8	0
634883	3049129.6	0
634883.7	3049127.8	0
634883.9	3049127.1	0
634884.3	3049126.3	0
634884.8	3049124.8	0
634885.9	3049122.3	0
634891.1	3049121.5	0
634891.4	3049121.3	0
634894.8	3049119.3	0
634895.3	3049118.5	0
634898.5	3049113	0
634900.7	3049107.9	0
634898.5	3049102.1	0
634899.2	3049098.9	0
634900.3	3049094.3	0
634901.8	3049085.8	0
634901.6	3049084.6	0
634900.3	3049077.7	0
634896.3	3049065.6	0
634891.5	3049053.8	0
634881.5	3049038.6	0
634874.9	3049033.5	0
634868.2	3049030.9	0
634868	3049030.8	0
634859.4	3049027.9	0
634858.2	3049027.8	0
634853.3	3049027.2	0
634850	3049026.8	0
634848	3049026.5	0
634847.6	3049026.5	0
634838.7	3049026.8	0
634834.3	3049027.2	0
634829.9	3049029.4	0
634821.4	3049033.5	0
634824	3049030.5	0
634826.2	3049026.1	0
634824	3049022	0
634818.8	3049016.5	0
634815.2	3049010.6	0
634815.1	3049010.6	0
634809.6	3049002.1	0
634805.1	3048997	0
634803.7	3048995.4	0
634800.9	3048992.2	0
634797.4	3048988.3	0
634795.2	3048980.6	0
634797.1	3048972.9	0
634801.2	3048958.5	0
634801.9	3048956.3	0
634802.4	3048953.3	0
634804.4	3048942.6	0
634804.4	3048942.6	0
634804.4	3048931.2	0
634806.3	3048920.9	0
634800.4	3048902.8	0
634782	3048880.3	0
634764.6	3048867.4	0
634759.8	3048865.2	0
634755.7	3048863.2	0
634753.6	3048862.2	0
634750.8	3048861.5	0
634747.7	3048860.8	0
634740.1	3048863	0
634736.6	3048864.1	0
634736.5	3048863.5	0
634733.7	3048853	0
634735.2	3048847.4	0
634735.9	3048844.9	0
634736.5	3048842.6	0
634736.6	3048842.3	0
634739.2	3048835	0
634734.8	3048833.8	0
634725.5	3048837.2	0
634720.7	3048837.9	0
634718.8	3048834.7	0
634716	3048830.2	0
634709.5	3048829.9	0
634709	3048829.9	0
634706.5	3048825.3	0
634705.6	3048823.7	0
634705.3	3048823.2	0
634704.2	3048816.2	0
634709	3048805.2	0
634709.8	3048798.2	0
634703.1	3048791.2	0
634700.9	3048795.2	0
634694.6	3048800.7	0
634691.7	3048806.3	0
634688	3048807	0
634682.8	3048799.6	0
634681.4	3048789.7	0
634678.4	3048786	0
634671.4	3048784.5	0
634666.6	3048782.3	0
634660.7	3048784.1	0
634660.7	3048776.4	0
634660.7	3048773.8	0
634660.7	3048773.3	0
634660.8	3048769.6	0
634661	3048766	0
634661.1	3048762	0
634661.1	3048761.7	0
634656.7	3048759.4	0
634655.3	3048759.1	0
634653.3	3048758.7	0
634652.9	3048758.9	0
634649.3	3048760.5	0
634649.3	3048760.5	0
634643	3048759.8	0
634641.8	3048759.5	0
634639.4	3048759	0
634637.1	3048758.4	0
634636.8	3048758.3	0
634634.7	3048758	0
634632.7	3048757.6	0
634630	3048757.6	0
634627.2	3048757.6	0
634624.6	3048759.5	0
634621.7	3048761.6	0
634620.5	3048762.4	0
634616.1	3048775.3	0
634615.4	3048782.3	0
634611.3	3048791.2	0
634604.7	3048793.4	0
634602.1	3048788.9	0
634600.3	3048777.9	0
634596.6	3048770.9	0
634590.7	3048763.9	0
634585.9	3048763.9	0
634580.3	3048765.3	0
634580.3	3048765.1	0
634579.6	3048763.4	0
634578.8	3048761.5	0
634578.1	3048759.8	0
634577.6	3048758.6	0
634575.5	3048753.9	0
634567.8	3048749.1	0
634563.4	3048744.7	0
634553.8	3048743.6	0
634552	3048743.4	0
634550.9	3048743.2	0
634547.1	3048742.7	0
634546.2	3048742.6	0
634545.3	3048742.5	0
634544.6	3048742	0
634543.9	3048741.6	0
634542.4	3048740.6	0
634542.7	3048735.1	0
634542.7	3048732.3	0
634542.7	3048730.8	0
634542.7	3048728.9	0
634542.7	3048726.6	0
634541.8	3048719.2	0
634541.6	3048718.1	0
634541.6	3048715.7	0
634541.6	3048713.6	0
634541.6	3048711.9	0
634542.5	3048712.2	0
634543.5	3048712.5	0
634545.8	3048713.3	0
634549	3048714.5	0
634547.7	3048710.5	0
634546.8	3048707.8	0
634546.6	3048707.5	0
634546	3048706.1	0
634545.2	3048704.4	0
634544.3	3048702.7	0
634543.3	3048700.7	0
634542.3	3048698.5	0
634541.3	3048696.4	0
634541.1	3048696.1	0
634539.6	3048693.6	0
634536.5	3048688.3	0
634534.2	3048685.5	0
634532.3	3048683.3	0
634530.9	3048681.6	0
634528.4	3048679.1	0
634523.2	3048686.1	0
634522.5	3048694.2	0
634521	3048700.4	0
634516.2	3048693.8	0
634515.4	3048686.4	0
634513.2	3048680.3	0
634512.5	3048678.5	0
634511.8	3048676.7	0
634511	3048674.6	0
634510.9	3048674.1	0
634509.5	3048669.3	0
634508.4	3048665.8	0
634508	3048665.3	0
634505.5	3048662.6	0
634503.6	3048660.6	0
634502.9	3048660.6	0
634499.6	3048660.6	0
634499.4	3048660.3	0
634498.6	3048659.1	0
634496.3	3048655.8	0
634493.3	3048654	0
634490.6	3048654.5	0
634489.3	3048654.7	0
634487	3048658	0
634486.7	3048658.4	0
634485.9	3048662.8	0
634484.3	3048669	0
634483.7	3048671	0
634480.1	3048666.5	0
634477.1	3048665.4	0
634472.4	3048665.8	0
634471.9	3048665.8	0
634470.3	3048665.1	0
634468.2	3048664.2	0
634467.5	3048663.9	0
634466.8	3048660.7	0
634466	3048656.9	0
634464.8	3048655.8	0
634462.9	3048654	0
634461.6	3048652.9	0
634459	3048655.5	0
634458.7	3048655.8	0
634456.1	3048653.3	0
634454.9	3048652.1	0
634453.9	3048651	0
634451.6	3048651	0
634450.9	3048651	0
634450.4	3048652.8	0
634450.3	3048653.1	0
634450.3	3048653.1	0
634449.8	3048655.1	0
634449.8	3048655.3	0
634448.3	3048662.5	0
634449.1	3048667.6	0
634449	3048668.4	0
634448.9	3048671.4	0
634448.9	3048672.4	0
634448.7	3048676	0
634448.7	3048676.5	0
634448.3	3048676.5	0
634445.4	3048676.5	0
634442.4	3048675	0
634442.6	3048674.1	0
634443.1	3048671.2	0
634443.5	3048668.7	0
634443.1	3048663.3	0
634443	3048662.7	0
634443	3048662.4	0
634443	3048662	0
634442.8	3048660.3	0
634442.7	3048660.2	0
634441.3	3048658.6	0
634440.9	3048658.1	0
634439.5	3048656.6	0
634438.4	3048656.3	0
634438.3	3048656.3	0
634437.8	3048656.2	0
634437.8	3048656.2	0
634436.9	3048655.9	0
634435.5	3048655.6	0
634435.1	3048655.5	0
634431.7	3048657.3	0
634431.7	3048657.3	0
634431.6	3048657.3	0
634430.6	3048657.9	0
634430.3	3048658	0
634430.3	3048658.1	0
634430.5	3048659.5	0
634430.8	3048661.1	0
634431.2	3048663.9	0
634431.4	3048665.1	0
634431.2	3048666.1	0
634431.2	3048666.3	0
634431.1	3048666.9	0
634430.9	3048667.5	0
634430.6	3048669.3	0
634430.3	3048671.3	0
634427.3	3048673.2	0
634426.8	3048670.2	0
634426.8	3048670.2	0
634426.5	3048668.1	0
634426.5	3048668.1	0
634426.4	3048667.3	0
634426.4	3048667.3	0
634426.3	3048667.3	0
634426.2	3048666.5	0
634425.6	3048664.9	0
634425.6	3048664.9	0
634425.4	3048664.4	0
634425.1	3048663.7	0
634424.9	3048663.2	0
634424.6	3048662.5	0
634424.5	3048662.2	0
634424.2	3048661.6	0
634423.6	3048660.1	0
634423.3	3048659.3	0
634423.3	3048659.2	0
634421.5	3048658.1	0
634419.7	3048657	0
634415.9	3048654.7	0
634412.9	3048653.3	0
634410	3048652.9	0
634414.8	3048647	0
634418.3	3048644.7	0
634420.8	3048643	0
634422.2	3048642.2	0
634424.9	3048634.7	0
634425.1	3048634.1	0
634425.8	3048631.1	0
634426.4	3048629.1	0
634426.5	3048628.5	0
634427	3048626.7	0
634426.9	3048626.4	0
634426.6	3048625.4	0
634425.2	3048619.2	0
634424	3048614.2	0
634424	3048609	0
634424	3048608.3	0
634423.8	3048608	0
634423.7	3048607.8	0
634423.4	3048607.4	0
634423.3	3048607.2	0
634421.4	3048604.6	0
634414.4	3048596.1	0
634413.3	3048592	0
634410.7	3048592	0
634404.1	3048593.9	0
634397.5	3048595.7	0
634393	3048597.9	0
634387.5	3048601.3	0
634384.2	3048605	0
634384.2	3048605	0
634387.5	3048601.3	0
634388.5	3048597.3	0
634388.8	3048596.2	0
634389.8	3048592.4	0
634389.1	3048586.2	0
634389.1	3048586.1	0
634387.3	3048576.8	0
634387.2	3048576.6	0
634387.2	3048570.7	0
634390.9	3048567.3	0
634393.8	3048563.3	0
634394	3048560.8	0
634394.2	3048555.9	0
634394.2	3048550	0
634394.9	3048547.2	0
634395	3048547.1	0
634392.4	3048541.5	0
634390	3048537.1	0
634389.6	3048536.3	0
634389.1	3048535.3	0
634386.8	3048529	0
634379.1	3048528.3	0
634375	3048524.6	0
634371.7	3048515.4	0
634368.8	3048508.3	0
634367.7	3048505	0
634363.6	3048504.7	0
634363.2	3048499.9	0
634362.5	3048495.4	0
634357.7	3048492.1	0
634353.3	3048484.4	0
634350.7	3048476.6	0
634349.9	3048475.7	0
634349.1	3048474.9	0
634347.4	3048472.9	0
634344.8	3048477	0
634343.5	3048479.5	0
634342	3048482.4	0
634341.1	3048484	0
634338.6	3048485.3	0
634336.7	3048486.2	0
634336.7	3048485.1	0
634337.1	3048477.4	0
634336.5	3048472.9	0
634335.2	3048463	0
634333.7	3048455.3	0
634330.8	3048449.1	0
634330.2	3048447.9	0
634326.9	3048441.2	0
634322.1	3048432.4	0
634319.6	3048428.4	0
634316.9	3048424.3	0
634315.1	3048422.8	0
634311.8	3048423.9	0
634311.4	3048428	0
634309.6	3048434.6	0
634307	3048430.9	0
634304.8	3048426.2	0
634303.9	3048424.4	0
634302.2	3048420.6	0
634298.5	3048413.6	0
634296.7	3048404.7	0
634293.5	3048397.9	0
634289.5	3048392.7	0
634282.4	3048387.7	0
634275.7	3048383.3	0
634269.8	3048378	0
634262.6	3048374.7	0
634258.1	3048368.2	0
634251.4	3048362.3	0
634242.6	3048356.5	0
634234.1	3048351.9	0
634226.5	3048346.8	0
634219.1	3048337.5	0
634213.3	3048332.4	0
634204.6	3048325.9	0
634195.9	3048319.7	0
634184.2	3048311.9	0
634172.9	3048303.7	0
634159.8	3048301.2	0
634157.5	3048299.8	1
634152	3048292.7	1
634149.8	3048281.3	1
634143.8	3048269.8	1
634139.3	3048261.7	1
634135.2	3048247.3	1
634131.9	3048234.9	1
634128	3048222.6	1
634123	3048204	1
634121.2	3048185	1
634119.4	3048165.4	1
634116.8	3048144.3	1
634115.9	3048131.5	1
634114.4	3048119.8	1
634113.2	3048107	1
634112.1	3048089.4	1
634110	3048070.7	1
634108.5	3048051	1
634106.4	3048034.8	1
634104.9	3048015.1	1
634103.3	3047999.9	1
634102.2	3047980.9	1
634104.8	3047969.3	1
634106.8	3047957.1	1
634111.1	3047944.1	1
634117	3047927.9	1
634116.9	3047908.1	1
634118.2	3047896.6	1
634120.5	3047884.1	1
634121.7	3047871.5	1
634123.6	3047859	1
634126.2	3047846	1
634126.3	3047832.2	1
634126.5	3047820	1
634126	3047807.2	1
634124.4	3047794.4	1
634123.5	3047778.5	1
634121.5	3047763.7	1
634120.2	3047749.2	1
634119.4	3047738.1	1
634118.9	3047726.7	1
634122.5	3047713	1
634127.1	3047697.2	1
634131.6	3047688	1
634140.1	3047675.6	1
634147	3047666.3	1
634149.5	3047658.2	1
634154.7	3047649.6	1
634157.9	3047643.3	1
634164.8	3047633.3	1
634172.4	3047624	1
634175.7	3047612.7	1
634181.1	3047599.3	1
634185.3	3047590.5	1
634191.3	3047576.4	1
634195.7	3047565.5	1
634199.7	3047553.2	1
634201.1	3047545.1	1
634205.8	3047531.8	1
634207.4	3047519.6	1
634208.7	3047508.8	1
634212.3	3047495.4	1
634215.5	3047487.7	1
634218.3	3047480.6	1
634224.1	3047470	1
634229.7	3047461.4	1
634234.4	3047450.5	1
634241.4	3047443.6	1
634248.4	3047435.7	1
634257.4	3047425.6	1
634266.7	3047415.2	1
634275.6	3047403.1	1
634284.9	3047393	1
634294.6	3047383.6	1
634303	3047378.7	1
634311.9	3047367.2	1
634319.5	3047356.5	1
634329.8	3047346.4	1
634337.7	3047333.6	1
634344.9	3047323.6	1
634354.4	3047311.1	1
634365.5	3047302.3	1
634370.5	3047295.5	1
634374.3	3047288.1	1
634379.6	3047280.6	1
634386.2	3047272	1
634391.4	3047264.2	1
634397.8	3047257.7	1
634403.3	3047249.5	1
634410.6	3047240.5	1
634419.6	3047230.8	1
634424.9	3047224	1
634430.8	3047215.7	1
634437.1	3047208.2	1
634447.4	3047196.7	1
634454.8	3047182.5	1
634463.5	3047175.6	1
634469.8	3047167.3	1
634474.4	3047161.3	1
634481.6	3047151.6	1
634487.9	3047144.4	1
634494.9	3047136.9	1
634501.2	3047130.4	1
634510.6	3047121	1
634518.2	3047110.9	1
634526.1	3047100.2	1
634533.7	3047092.3	1
634540.8	3047078.5	1
634550.1	3047069.4	1
634560.1	3047059	1
634568	3047046.9	1
634576.5	3047034.7	1
634584.9	3047020.5	1
634591.2	3047011.6	1
634603.6	3047001.4	1
634612.2	3046989.9	1
634623.5	3046978.4	1
634634	3046962.7	1
634648.6	3046946.8	1
634657.4	3046932.6	1
634669.4	3046919.6	1
634685	3046909.8	1
634699.7	3046904.7	1
634711.1	3046894.5	1
634723.9	3046876.3	1
634730.4	3046864.6	1
634734.5	3046847.4	1
634741.5	3046830.8	1
634747.9	3046818.4	1
634760.8	3046793	1
634771.2	3046784.6	1
634782.9	3046772.3	1
634793.4	3046758	1
634807.1	3046753.3	1
634823.5	3046747.1	1
634838.1	3046749.2	1
634849.7	3046759.2	1
634874.8	3046763	1
634892.8	3046761.6	1
634911.6	3046763.6	1
634941	3046768.6	1
634953.8	3046775.7	1
634967.2	3046782.1	1
634986.1	3046784.1	1
635018.7	3046784.8	1
635039.5	3046784	1
635061.1	3046785.2	1
635081.2	3046783	1
635097.2	3046785.1	1
635108.4	3046787.4	1
635118.5	3046795.3	1
635133.9	3046799.5	1
635150.3	3046809.3	1
635163.3	3046821.2	1
635174.7	3046828.4	1
635189.1	3046842.3	1
635199.9	3046851.6	1
635215.4	3046872.5	1
635228.7	3046892	1
635242.1	3046915.1	1
635253.8	3046929.1	1
635271.1	3046945.1	1
635284.9	3046959.1	1
635296.8	3046979.4	1
635308.6	3046996.9	1
635326.1	3046998.3	1
635341	3046999.4	1
635355.4	3047003.3	1
635369.4	3047005.5	1
635382.2	3047013.7	1
635390.2	3047029.3	1
635401.7	3047038.9	1
635412.6	3047042.2	1
635429.1	3047047.8	1
635443.3	3047053.8	1
635461.5	3047059.3	1
635477.5	3047067	1
635491.1	3047076.5	1
635504.5	3047082.8	1
635516.6	3047088.9	1
635533.1	3047102.8	1
635548	3047102.9	1
635563	3047104.4	1
635580.8	3047105.4	1
635595.8	3047107.2	1
635614.5	3047114	1
635630.7	3047121	1
635649.9	3047132.3	1
635667.8	3047136.1	1
635683.1	3047144.1	1
635696.8	3047148.8	1
635707.1	3047153.6	1
635722.6	3047159.5	1
635740.1	3047162.6	1
635759	3047166	1
635777.7	3047165.6	1
635794.8	3047167.3	1
635806.8	3047163.7	1
635826.2	3047163.9	1
635840.1	3047162.3	1
635844	3047181.6	1
635847.4	3047205.7	1
635845.2	3047228.7	1
635846.4	3047266.4	1
635848	3047288.9	1
635850.5	3047314.4	1
635852.8	3047336.9	1
635858.1	3047356.8	1
635862.1	3047378.1	1
635869	3047394.1	1
635873.3	3047405.7	1
635876.8	3047422.2	1
635882.1	3047441.1	1
635892.1	3047464.6	1
635897.8	3047484.5	1
635906.5	3047503.5	1
635915.9	3047520.1	1
635925.3	3047546.1	1
635932.1	3047567.7	1
635938.1	3047587.9	1
635951.5	3047608.5	1
635961.7	3047620.9	1
635972.7	3047634.6	1
635984.2	3047644.2	1
635998.2	3047655.1	1
636007.4	3047667.5	1
636018	3047681	1
636032.6	3047690.1	1
636043.8	3047699	1
636056.2	3047705.8	1
636075.9	3047712.6	1
636090	3047717.5	1
636099.6	3047731	1
636111.5	3047749.6	1
636121.3	3047759.6	1
636134	3047765	1
636148.8	3047771	1
636166.5	3047778.2	1
636186.9	3047783.9	1
636201.5	3047793.1	1
636224.7	3047799	1
636241.7	3047807	1
636252	3047812.8	1
636266.8	3047826.1	1
636275.8	3047834	1
636283.6	3047837.9	1
636295.8	3047847.8	1
636302.7	3047856.1	1
636314.6	3047865.4	1
636326.4	3047874.2	1
636339	3047884.1	1
636350.1	3047892.7	1
636365.7	3047899.7	1
636376.5	3047911	1
636391.6	3047914.6	1
636402.9	3047919.3	1
636413.2	3047923.4	1
636430.3	3047925.4	1
636448.2	3047931.3	1
636463.5	3047930.3	1
636486.1	3047930.8	1
636500.5	3047927.7	1
636517.2	3047927	1
636531.4	3047926.8	1
636543	3047921.8	0
636560.1	3047916.6	0
636572.6	3047916.4	0
636582.7	3047916.4	0
636600.2	3047920.5	0
636609.6	3047929.1	0
636616.8	3047935.1	0
636626.2	3047943.3	0
636636	3047954	0
636646.1	3047961.9	0
636653.9	3047974.8	0
636670	3047987.3	0
636679.9	3047998.3	0
636696.1	3048005	0
636707.2	3048011.8	0
636716.8	3048026.6	0
636729.8	3048037.6	0
636746.7	3048044.5	0
636755.7	3048059.7	0
636770.4	3048069.9	0
636784	3048081.1	0
636797	3048092.7	0
636810.4	3048106	0
636821.6	3048115.9	0
636835.6	3048127.2	0
636845.9	3048140.9	0
636859.8	3048149.4	0
636872.2	3048164.1	0
636884.9	3048168.5	0
636897.7	3048175.6	0
636914.6	3048181.8	0
636934.4	3048181	0
636945.5	3048181.2	0
636952.9	3048182.6	0
636955	3048192.3	0
636949.1	3048201.9	0
636934.4	3048214.6	0
636930	3048225.2	0
636916	3048240.7	0
636906.2	3048254.6	0
636893	3048271.1	0
636881.8	3048293.8	0
636872.4	3048303.2	0
636853.7	3048329.6	0
636831	3048351.1	0
636821.2	3048366	0
636801.9	3048378.3	0
636766.6	3048397.8	0
636756.8	3048405.5	0
636744.8	3048409.8	0
636729.5	3048416	0
636710.1	3048418.2	0
636689.5	3048423.2	0
636663.2	3048427	0
636633.5	3048431.4	0
636609.4	3048434.8	0
636583.1	3048438.3	0
636560.7	3048441.3	0
636533.2	3048440.7	0
636515.4	3048446.3	0
636494.1	3048445.5	0
636483.5	3048448	0
636480.6	3048462.7	0
636482	3048478.6	0
636481	3048497.4	0
636482.6	3048509.8	0
636487.8	3048527.9	0
636493.5	3048540.2	0
636504.3	3048547.4	0
636515.7	3048554.5	0
636525.7	3048561.4	0
636546.2	3048571	0
636561.2	3048579.7	0
636569	3048584.9	0
636579.5	3048585.5	0
636590.2	3048585.4	0
636606.6	3048585.1	0
636623.9	3048585.4	0
636639.3	3048570.9	0
636651.9	3048554	0
636665.8	3048537	0
636676.1	3048516.6	0
636691.9	3048499.7	0
636716.4	3048489	0
636744.9	3048489.4	0
636769.9	3048492.7	0
636791.4	3048493.6	0
636803.3	3048514.2	0
636810.7	3048540.9	0
636805	3048566.5	1
636798.2	3048592.1	1
636799	3048614.7	1
636802.2	3048633.2	1
636805.1	3048649.5	1
636811.3	3048664.7	1
636817.2	3048680.8	1
636824.5	3048697.2	1
636830.5	3048717	1
636837.8	3048732.7	1
636841.6	3048750.2	1
636845.6	3048770.5	1
636848.8	3048805.8	1
636851	3048833.1	1
636851.6	3048857	1
636851.2	3048881.6	1
636847	3048912.3	1
636848.5	3048933.1	1
636849.8	3048957	1
636850.7	3048978.4	1
636849	3049004.5	1
636847.9	3049026.1	1
636845.5	3049043.9	1
636844.4	3049068.6	1
636845.4	3049092.8	1
636847.4	3049115.6	1
636849.1	3049140.2	1
636849	3049163.8	1
636849.5	3049191.9	1
636849.1	3049215.5	1
636850.1	3049247	1
636850.1	3049265	1
636850.1	3049282	1
636847.5	3049303	1
636845.4	3049327.3	1
636835.1	3049348.2	1
636827.8	3049363.8	1
636821.6	3049391.1	1
636815.7	3049415	1
636806.2	3049438.3	1
636795.9	3049450.5	1
636785.3	3049469.7	1
636778.3	3049485.9	1
636769.3	3049502.9	1
636762.9	3049525.4	1
636753.3	3049545.2	1
636741.7	3049558.2	1
636742.4	3049584.2	1
636742.7	3049607.8	1
636741.6	3049630.7	1
636737.3	3049644.1	1
636720.7	3049655.2	1
636714.5	3049665.8	1
636700.1	3049677.2	1
636677.6	3049688.2	1
636652	3049692.4	1
636635.5	3049696.9	1
636617.6	3049707.7	1
636593.7	3049718.7	1
636581.5	3049733.5	1
636571.8	3049751.6	1
636556.5	3049760.5	1
636538.9	3049771.7	1
636511.7	3049776.6	1
636490.2	3049769.5	1
636473.9	3049763.6	1
636456.3	3049757.7	1
636433.9	3049745.8	1
636419.2	3049733.9	1
636404.1	3049722.8	1
636391.5	3049719.8	1
636382.1	3049703.2	1
636370.6	3049700.2	1
636351.4	3049700.3	1
636327.3	3049704.4	1
636314.2	3049706.3	1
636299.4	3049718.1	1
636284.2	3049729.8	1
636267.7	3049741.2	1
636247.5	3049750.7	1
636217.9	3049757.2	1
636188	3049756	1
636174.6	3049743.7	1
636163.8	3049733	1
636158.9	3049715.5	1
636154.2	3049702.9	0
636148.4	3049689.6	0
636140.7	3049679.8	0
636127.4	3049678	0
636115.7	3049680.2	0
636104.9	3049687.6	0
636094.5	3049696.7	0
636082.4	3049697.2	0
636071.2	3049693	0
636057.9	3049686.9	0
636049.5	3049682.7	0
636041.7	3049677.1	0
636034.2	3049675.3	0
636023.7	3049673.4	0
636011.8	3049672.4	0
636001.7	3049669.7	0
