635994.6 3049663.1 0
635904.3 3049644.7 0
635806.1 3049647.2 0
635713.7 3049632.1 0
635629.5 3049664.6 0
635535.3 3049671.7 0
635460.3 3049725.0 0
635366.6 3049725.0 0
635275.6 3049713.4 0
635218.7 3049636.1 0
635289.2 3049580.1 0
635374.4 3049545.4 2
635385.8 3049537.3 2
635392.5 3049529.9 2
635396.2 3049522.9 2
635396.5 3049518.1 2
635396.5 3049515.7 2
635396.5 3049513.7 2
635396.5 3049509.3 2
635398.7 3049505.6 2
635406.4 3049507.4 2
635412.4 3049508.8 2
635414.4 3049504.4 2
635417.7 3049492.4 2
635419.3 3049484.0 2
635419.4 3049479.2 2
635416.2 3049475.5 2
635419.8 3049472.7 2
635419.3 3049462.5 2
635415.3 3049458.1 2
635415.0 3049454.4 2
635417.0 3049451.5 2
635416.7 3049443.1 2
635415.2 3049437.6 2
635414.9 3049433.5 2
635415.3 3049429.5 2
635414.5 3049423.7 2
635409.9 3049418.7 2
635405.9 3049413.7 2
635401.0 3049412.8 2
635398.6 3049410.3 2
635396.2 3049406.4 2
635392.7 3049401.8 2
635390.1 3049400.0 2
635388.1 3049397.5 2
635385.6 3049393.4 2
635382.2 3049390.3 2
635379.8 3049387.7 2
635377.2 3049385.7 2
635374.5 3049384.2 2
635371.9 3049381.2 2
635368.3 3049377.3 2
635365.2 3049373.5 2
635362.8 3049370.6 2
635360.2 3049367.7 2
635357.2 3049364.7 2
635351.6 3049360.0 2
635342.2 3049353.4 2
635335.1 3049348.8 2
635330.1 3049345.4 2
635322.7 3049340.1 2
635314.7 3049332.9 2
635305.8 3049324.8 2
635295.7 3049315.4 2
635282.4 3049308.3 2
635245.0 3049299.4 2
635236.2 3049297.7 2
635230.1 3049297.9 2
635217.6 3049294.5 2
635204.3 3049281.1 2
635202.0 3049277.4 2
635195.2 3049270.5 2
635189.7 3049265.2 2
635168.4 3049239.8 2
635156.9 3049229.5 2
635151.2 3049221.7 2
635145.0 3049212.4 2
635140.0 3049207.6 2
635130.8 3049198.1 2
635121.3 3049188.9 2
635116.1 3049184.9 2
635101.9 3049182.1 2
635092.0 3049181.2 2
635082.8 3049180.8 2
635070.3 3049181.4 2
635054.7 3049187.5 2
635041.3 3049187.5 2
635038.1 3049181.2 2
635033.7 3049177.3 2
635030.8 3049172.8 2
635026.4 3049173.0 2
635003.0 3049184.6 2
634995.2 3049190.1 2
634988.6 3049196.8 2
634982.9 3049198.4 2
634977.9 3049197.4 2
634973.3 3049199.4 2
634970.0 3049204.4 2
634959.5 3049210.3 2
634950.3 3049214.9 2
634941.4 3049220.7 2
634887.0 3049147.0 0
634891.5 3049053.8 0
634809.6 3049002.1 0
634800.4 3048902.8 0
634739.2 3048835.0 0
634660.7 3048784.1 0
634575.5 3048753.9 0
634515.4 3048686.4 0
634426.8 3048670.2 0
634389.1 3048586.2 0
634363.2 3048499.9 0
634315.1 3048422.8 0
634242.6 3048356.5 0
634159.8 3048301.2 0
634123.0 3048204.0 1
634113.2 3048107.0 1
634104.9 3048015.1 1
634116.9 3047908.1 1
634126.0 3047807.2 1
634122.5 3047713.0 1
634164.8 3047633.3 1
634201.1 3047545.1 1
634234.4 3047450.5 1
634303.0 3047378.7 1
634365.5 3047302.3 1
634424.9 3047224.0 1
634481.6 3047151.6 1
634540.8 3047078.5 1
634603.6 3047001.4 1
634669.4 3046919.6 1
634734.5 3046847.4 1
634793.4 3046758.0 1
634892.8 3046761.6 1
634986.1 3046784.1 1
635081.2 3046783.0 1
635163.3 3046821.2 1
635228.7 3046892.0 1
635296.8 3046979.4 1
635382.2 3047013.7 1
635461.5 3047059.3 1
635548.0 3047102.9 1
635649.9 3047132.3 1
635740.1 3047162.6 1
635840.1 3047162.3 1
635846.4 3047266.4 1
635858.1 3047356.8 1
635892.1 3047464.6 1
635932.1 3047567.7 1
635984.2 3047644.2 1
636056.2 3047705.8 1
636134.0 3047765.0 1
636224.7 3047799.0 1
636302.7 3047856.1 1
636376.5 3047911.0 1
636486.1 3047930.8 1
636582.7 3047916.4 0
636653.9 3047974.8 0
636729.8 3048037.6 0
636810.4 3048106.0 0
636884.9 3048168.5 0
636893.0 3048271.1 0
636831.0 3048351.1 0
636756.8 3048405.5 0
636663.2 3048427.0 0
636560.7 3048441.3 0
636481.0 3048497.4 0
636546.2 3048571.0 0
636639.3 3048570.9 0
636716.4 3048489.0 0
636803.3 3048514.2 0
636799.0 3048614.7 1
636830.5 3048717.0 1
636848.8 3048805.8 1
636847.0 3048912.3 1
636849.0 3049004.5 1
636847.4 3049115.6 1
636849.1 3049215.5 1
636845.4 3049327.3 1
636815.7 3049415.0 1
636769.3 3049502.9 1
636742.7 3049607.8 1
636677.6 3049688.2 1
636581.5 3049733.5 1
636490.2 3049769.5 1
636404.1 3049722.8 1
636314.2 3049706.3 1
636217.9 3049757.2 1
636148.4 3049689.6 0
636057.9 3049686.9 0
